-------------------------------
記録開始: 2024/12/08 03:21(PM)
終了時刻: 2024/12/09 01:32(AM)
-------------------------------
記録開始: 2024/12/09 11:16(AM)
終了時刻: 2024/12/09 11:16(AM)
-------------------------------
記録開始: 2024/12/09 01:22(PM)
終了時刻: 2024/12/09 09:52(PM)
朝ラ@wall06
全部: [[0, 0, 0, 0, 0, 0, 0, 0, 0, 0, 0, 0, 0, 0, 0, 0, 0, 0, 0, 0, 0, 0, 0, 0, 0, 0, 0, 0, 0, 0, 0, 0, 0, 0, 0, 0, 0, 0, 0, 0, 0, 0, 0, 0, 0, 0, 0, 0, 0, 0], [0, 0, 0, 0, 0, 0, 0, 0, 0, 0, 0, 0, 0, 0, 0, 0, 0, 0, 0, 0, 0, 0, 0, 0, 0, 0, 0, 0, 0, 0, 0, 0, 0, 0, 0, 0, 0, 0, 0, 0, 0, 0, 0, 0, 0, 0, 0, 0, 0, 0], [0, 0, 0, 0, 0, 0, 0, 0, 0, 0, 0, 0, 0, 0, 0, 0, 0, 0, 0, 0, 0, 0, 0, 0, 0, 0, 0, 0, 0, 0, 0, 0, 0, 0, 0, 0, 0, 0, 0, 0, 0, 0, 0, 0, 0, 0, 0, 0, 0, 0], [0, 0, 0, 0, 0, 0, 0, 0, 0, 0, 0, 0, 0, 0, 0, 0, 0, 0, 0, 0, 0, 0, 0, 0, 0, 0, 0, 0, 0, 0, 0, 0, 0, 0, 0, 0, 0, 0, 0, 0, 0, 0, 0, 0, 0, 0, 0, 0, 0, 0], [0, 0, 0, 0, 0, 0, 0, 0, 0, 0, 0, 0, 0, 0, 0, 0, 0, 0, 0, 0, 0, 0, 0, 0, 0, 0, 0, 0, 0, 0, 0, 0, 0, 0, 0, 0, 0, 0, 0, 0, 0, 0, 0, 0, 0, 0, 0, 0, 0, 0], [0, 0, 0, 0, 0, 0, 0, 0, 0, 0, 0, 0, 0, 0, 0, 0, 0, 0, 0, 0, 0, 0, 0, 0, 0, 0, 0, 0, 0, 0, 0, 0, 0, 0, 0, 0, 0, 0, 0, 0, 0, 0, 0, 0, 0, 0, 0, 0, 0, 0], [0, 0, 0, 0, 0, 0, 0, 0, 0, 0, 0, 0, 0, 0, 0, 0, 0, 0, 0, 0, 0, 0, 0, 0, 0, 0, 0, 0, 0, 0, 0, 0, 0, 0, 0, 0, 0, 0, 0, 0, 0, 0, 0, 0, 0, 0, 0, 0, 0, 0], [0, 0, 0, 0, 0, 0, 0, 0, 0, 0, 0, 0, 0, 0, 0, 0, 0, 0, 0, 0, 0, 0, 0, 0, 0, 0, 0, 0, 0, 0, 0, 0, 0, 0, 0, 0, 0, 0, 0, 0, 0, 0, 0, 0, 0, 0, 0, 0, 0, 0], [0, 0, 0, 0, 0, 0, 0, 0, 0, 0, 0, 0, 0, 0, 0, 0, 0, 0, 0, 0, 0, 0, 0, 0, 0, 0, 0, 0, 0, 0, 0, 0, 0, 0, 0, 0, 0, 0, 0, 0, 0, 0, 0, 0, 0, 0, 0, 0, 0, 0], [0, 0, 0, 0, 0, 0, 0, 0, 0, 0, 0, 0, 0, 0, 0, 0, 0, 0, 0, 0, 0, 0, 0, 0, 0, 0, 0, 0, 0, 0, 0, 0, 0, 0, 0, 0, 0, 0, 0, 0, 0, 0, 0, 0, 0, 0, 0, 0, 0, 0], [0, 0, 0, 0, 0, 0, 0, 0, 0, 0, 0, 0, 0, 0, 0, 0, 0, 0, 0, 0, 0, 0, 0, 0, 0, 0, 0, 0, 0, 0, 0, 0, 0, 0, 0, 0, 0, 0, 0, 0, 0, 0, 0, 0, 0, 0, 0, 0, 0, 0], [0, 0, 0, 0, 0, 0, 0, 0, 0, 0, 0, 0, 0, 0, 0, 0, 0, 0, 0, 0, 0, 0, 0, 0, 0, 0, 0, 0, 0, 0, 0, 0, 0, 0, 0, 0, 0, 0, 0, 0, 0, 0, 0, 0, 0, 0, 0, 0, 0, 0], [0, 0, 0, 0, 0, 0, 0, 0, 0, 0, 0, 0, 0, 0, 0, 0, 0, 0, 0, 0, 0, 0, 0, 0, 0, 0, 0, 0, 0, 0, 0, 0, 0, 0, 0, 0, 0, 0, 0, 0, 0, 0, 0, 0, 0, 0, 0, 0, 0, 0], [0, 0, 0, 0, 0, 0, 0, 0, 0, 0, 0, 0, 0, 0, 0, 0, 0, 0, 0, 0, 0, 0, 0, 0, 0, 0, 0, 0, 0, 0, 0, 0, 0, 0, 0, 0, 0, 0, 0, 0, 0, 0, 0, 0, 0, 0, 0, 0, 0, 0], [0, 0, 0, 0, 0, 0, 0, 0, 0, 0, 0, 0, 0, 0, 0, 0, 0, 0, 0, 0, 0, 0, 0, 0, 0, 0, 0, 0, 0, 0, 0, 0, 0, 0, 0, 0, 0, 0, 0, 0, 0, 0, 0, 0, 0, 0, 0, 0, 0, 0], [0, 0, 0, 0, 0, 0, 0, 0, 0, 0, 0, 0, 0, 0, 0, 0, 0, 0, 0, 0, 0, 0, 0, 0, 0, 0, 0, 0, 0, 0, 0, 0, 0, 0, 0, 0, 0, 0, 0, 0, 0, 0, 0, 0, 0, 0, 0, 0, 0, 0], [0, 0, 0, 0, 0, 0, 0, 0, 0, 0, 0, 0, 0, 0, 0, 0, 0, 0, 0, 0, 0, 0, 0, 0, 0, 0, 0, 0, 0, 0, 0, 0, 0, 0, 0, 0, 0, 0, 0, 0, 0, 0, 0, 0, 0, 0, 0, 0, 0, 0], [0, 0, 0, 0, 0, 0, 0, 0, 0, 0, 0, 0, 0, 0, 0, 0, 0, 0, 0, 0, 0, 0, 0, 0, 0, 0, 0, 0, 0, 0, 0, 0, 0, 0, 0, 0, 0, 0, 0, 0, 0, 0, 0, 0, 0, 0, 0, 0, 0, 0], [0, 0, 0, 0, 0, 0, 0, 0, 0, 0, 0, 0, 0, 0, 0, 0, 0, 0, 0, 0, 0, 0, 0, 0, 0, 0, 0, 0, 0, 0, 0, 0, 0, 0, 0, 0, 0, 0, 0, 0, 0, 0, 0, 0, 0, 0, 0, 0, 0, 0], [0, 0, 0, 0, 0, 0, 0, 0, 0, 0, 0, 0, 0, 0, 0, 0, 0, 0, 0, 0, 0, 0, 0, 0, 0, 0, 0, 0, 0, 0, 0, 0, 0, 0, 0, 0, 0, 0, 0, 0, 0, 0, 0, 0, 0, 9, 100, 180, 288, 32], [0, 0, 0, 0, 0, 0, 0, 0, 0, 0, 0, 0, 0, 0, 0, 0, 0, 0, 0, 0, 0, 0, 0, 0, 0, 0, 0, 0, 0, 0, 0, 0, 0, 0, 0, 0, 0, 0, 0, 0, 0, 0, 0, 20, 220, 992, 3782, 12206, 13004, 3276], [0, 0, 0, 0, 0, 0, 0, 0, 0, 0, 0, 0, 0, 0, 0, 0, 0, 0, 0, 0, 0, 0, 0, 0, 0, 0, 0, 0, 0, 0, 0, 0, 0, 0, 0, 0, 0, 0, 0, 0, 1, 14, 114, 716, 2240, 6061, 8866, 3230, 449, 39], [0, 0, 0, 0, 0, 0, 0, 0, 0, 0, 0, 0, 0, 0, 0, 0, 0, 0, 0, 0, 0, 0, 0, 0, 0, 0, 0, 0, 0, 0, 0, 0, 0, 0, 0, 0, 0, 0, 0, 3, 61, 376, 1548, 4049, 6492, 6902, 7307, 13073, 13070, 3362], [0, 0, 0, 0, 0, 0, 0, 0, 0, 0, 0, 0, 0, 0, 0, 0, 0, 0, 0, 0, 0, 0, 0, 0, 0, 0, 0, 0, 0, 0, 0, 0, 0, 0, 0, 0, 0, 0, 33, 212, 944, 2890, 5108, 6085, 7321, 8693, 9276, 3183, 546, 216], [0, 0, 0, 0, 0, 0, 0, 0, 0, 0, 0, 0, 0, 0, 0, 0, 0, 0, 0, 0, 0, 0, 0, 0, 0, 0, 0, 0, 0, 0, 0, 0, 0, 0, 0, 1, 25, 145, 708, 2219, 4461, 5941, 7203, 8612, 9114, 9075, 8624, 13078, 12450, 3416], [0, 0, 0, 0, 0, 0, 0, 0, 0, 0, 0, 0, 0, 0, 0, 0, 0, 0, 0, 0, 0, 0, 0, 0, 0, 0, 0, 0, 0, 0, 0, 0, 0, 1, 9, 92, 593, 1994, 4262, 6172, 7708, 8890, 9865, 10493, 10801, 10001, 8595, 2874, 38, 102], [0, 0, 0, 0, 0, 0, 0, 0, 0, 0, 0, 0, 0, 0, 0, 0, 0, 0, 0, 0, 0, 0, 0, 0, 0, 0, 0, 0, 0, 0, 0, 0, 3, 59, 521, 1886, 4245, 6666, 8231, 10009, 11067, 12023, 12426, 12154, 11086, 9541, 7735, 5622, 8, 81], [0, 0, 0, 0, 0, 0, 0, 0, 0, 0, 0, 0, 0, 0, 0, 0, 0, 0, 0, 0, 0, 0, 0, 0, 0, 0, 0, 0, 0, 0, 0, 16, 318, 1587, 4183, 6751, 8790, 10600, 12508, 13524, 14871, 15249, 14934, 13635, 12022, 11686, 12610, 8287, 19, 67], [0, 0, 0, 0, 0, 0, 0, 0, 0, 0, 0, 0, 0, 0, 0, 0, 0, 0, 0, 0, 0, 0, 0, 0, 0, 0, 0, 0, 0, 0, 222, 1231, 3716, 6877, 9157, 10810, 12142, 13637, 14734, 17739, 19398, 18739, 16844, 14783, 13601, 15425, 16583, 10702, 10, 39], [0, 0, 0, 0, 0, 0, 0, 0, 0, 0, 0, 0, 0, 0, 0, 0, 0, 0, 0, 0, 0, 0, 0, 0, 0, 0, 0, 1, 9, 15, 6241, 11490, 10280, 11519, 12809, 13534, 14370, 15072, 17738, 26162, 24684, 20294, 16007, 14061, 17657, 20214, 20435, 12131, 21, 0], [0, 0, 0, 0, 0, 0, 0, 0, 0, 0, 0, 0, 0, 0, 0, 0, 0, 0, 0, 0, 0, 0, 0, 21, 82, 299, 893, 1917, 3662, 6528, 18809, 21377, 16844, 16366, 15589, 15733, 15992, 15900, 22953, 25340, 24647, 20805, 18105, 17896, 21924, 22994, 22438, 13393, 92, 0], [0, 0, 0, 0, 0, 0, 0, 0, 0, 0, 0, 0, 0, 0, 0, 0, 0, 0, 0, 0, 0, 0, 1186, 5939, 7077, 9570, 13062, 17080, 21679, 26308, 29056, 25276, 20665, 18322, 17467, 16954, 16338, 16006, 24854, 28047, 5850, 14497, 24666, 31636, 27600, 25589, 24327, 13761, 125, 0], [0, 0, 0, 0, 0, 0, 0, 0, 0, 0, 0, 0, 0, 0, 0, 0, 0, 0, 0, 0, 11, 2222, 12307, 7530, 10730, 15062, 17653, 20021, 23433, 26467, 27479, 24702, 21085, 18759, 17649, 16879, 15569, 16498, 25446, 34077, 39657, 40664, 40151, 38980, 31984, 28010, 24367, 13931, 124, 0], [0, 0, 0, 0, 0, 0, 0, 0, 0, 0, 0, 0, 0, 0, 0, 0, 0, 0, 0, 15, 3531, 16731, 8508, 12414, 16972, 19688, 20993, 21771, 23759, 26017, 26297, 22805, 19029, 17067, 16603, 15389, 14307, 17500, 27630, 34183, 36480, 37724, 36812, 34803, 31263, 26087, 21719, 12076, 117, 38], [0, 0, 0, 0, 0, 0, 0, 0, 0, 0, 0, 0, 0, 0, 0, 268, 41, 48, 1582, 7619, 21739, 10403, 13323, 18870, 22613, 22966, 21439, 20979, 21636, 23658, 22896, 19358, 15984, 15136, 14077, 12919, 11637, 17922, 29291, 38074, 40887, 38484, 34443, 31638, 26661, 22134, 18478, 9482, 67, 54], [0, 0, 7, 7, 8, 10, 44, 31, 56, 251, 584, 1233, 2051, 3105, 3908, 3107, 6365, 10606, 19179, 29109, 13718, 14265, 19191, 23825, 28940, 28126, 21623, 17882, 15916, 15627, 15250, 12381, 11714, 12041, 10717, 9100, 8459, 18290, 30753, 41423, 42256, 40105, 22878, 17469, 16720, 10699, 3510, 1366, 256, 66], [0, 0, 8, 5, 1, 0, 299, 6189, 7808, 10328, 12512, 14375, 16056, 18233, 22998, 25457, 24415, 25461, 27561, 22347, 18938, 19160, 20685, 25731, 28890, 11128, 4958, 3153, 2888, 3996, 3032, 4030, 7011, 7331, 6205, 5152, 6094, 14788, 28012, 35392, 37671, 34640, 22076, 1445, 1257, 1044, 651, 109, 13, 22], [0, 0, 0, 10, 0, 1, 356, 8489, 10340, 10851, 11818, 15032, 18562, 20609, 21208, 21393, 22201, 22113, 21418, 20467, 19049, 18797, 21888, 20698, 1022, 1, 0, 7, 28, 307, 16, 146, 3381, 4639, 3486, 4721, 7200, 11712, 23132, 30267, 32557, 31267, 8319, 485, 231, 24, 0, 0, 0, 0], [0, 0, 0, 17, 1, 101, 1633, 9827, 10491, 12374, 16244, 19000, 19815, 19865, 19800, 19421, 18491, 17986, 17508, 16424, 16028, 17848, 14313, 231, 0, 0, 0, 6, 45, 45, 0, 41, 3274, 3585, 5215, 7500, 8458, 9825, 18216, 25254, 26899, 28891, 6632, 298, 55, 1, 0, 0, 0, 0], [0, 0, 5, 19, 86, 1680, 6993, 12096, 13921, 16163, 19185, 20127, 18157, 16768, 16205, 15346, 14638, 13859, 12563, 11030, 10189, 6372, 36, 0, 0, 0, 0, 0, 44, 32, 32, 551, 2942, 6451, 8603, 8713, 8159, 7338, 11176, 20035, 21329, 25983, 6721, 333, 5, 0, 0, 0, 0, 0], [0, 0, 30, 45, 555, 15496, 13429, 11938, 13456, 16611, 24444, 23468, 18296, 14821, 11569, 8880, 6590, 4878, 3529, 2544, 1146, 1, 0, 0, 0, 0, 0, 3, 14, 11, 351, 2324, 8772, 9498, 8412, 8125, 6430, 4529, 3761, 10796, 16430, 23475, 5833, 312, 1, 0, 0, 0, 0, 0], [0, 0, 28, 48, 1121, 21992, 14695, 14196, 14120, 18005, 21278, 2921, 509, 282, 639, 387, 325, 226, 115, 30, 0, 0, 0, 0, 0, 0, 0, 0, 5, 18, 2286, 19355, 7967, 7774, 8603, 5832, 2953, 1150, 528, 3685, 12154, 21148, 4740, 248, 3, 0, 0, 0, 0, 0], [0, 0, 0, 57, 1354, 23186, 13846, 13961, 13486, 18420, 21105, 213, 96, 38, 41, 4, 0, 0, 2, 0, 0, 0, 0, 0, 0, 0, 0, 0, 0, 5, 2161, 8650, 10010, 9028, 3862, 1517, 511, 93, 15, 953, 6175, 18037, 3926, 145, 35, 0, 0, 0, 0, 0], [0, 0, 0, 0, 625, 23991, 16347, 10869, 6716, 5189, 12938, 21, 1, 0, 9, 0, 0, 0, 0, 0, 0, 0, 0, 0, 0, 0, 0, 0, 0, 3, 2286, 19289, 6355, 1725, 783, 172, 14, 0, 12, 413, 1370, 8519, 2877, 55, 70, 14, 0, 0, 0, 0], [0, 0, 0, 0, 33, 5815, 539, 39, 0, 0, 0, 0, 0, 0, 0, 0, 0, 0, 0, 0, 0, 0, 0, 0, 0, 0, 0, 0, 0, 0, 1743, 6404, 790, 332, 48, 1, 0, 0, 25, 373, 365, 146, 1288, 41, 73, 3, 0, 0, 0, 0], [0, 0, 0, 0, 0, 0, 0, 0, 0, 0, 0, 0, 0, 0, 0, 0, 0, 0, 0, 0, 0, 0, 0, 0, 0, 0, 0, 0, 0, 0, 28, 122, 60, 8, 0, 0, 0, 0, 0, 358, 526, 311, 92, 86, 64, 0, 0, 0, 0, 0], [0, 0, 0, 0, 0, 0, 0, 0, 0, 0, 0, 0, 0, 0, 0, 0, 0, 0, 0, 0, 0, 0, 0, 0, 0, 0, 0, 0, 0, 0, 0, 0, 0, 0, 0, 0, 0, 0, 0, 86, 372, 405, 199, 65, 8, 0, 0, 0, 0, 0], [0, 0, 0, 0, 0, 0, 0, 0, 0, 0, 0, 0, 0, 0, 0, 0, 0, 0, 0, 0, 0, 0, 0, 0, 0, 0, 0, 0, 0, 0, 0, 0, 0, 0, 0, 0, 0, 0, 0, 0, 0, 29, 30, 0, 0, 0, 0, 0, 0, 0], [0, 0, 0, 0, 0, 0, 0, 0, 0, 0, 0, 0, 0, 0, 0, 0, 0, 0, 0, 0, 0, 0, 0, 0, 0, 0, 0, 0, 0, 0, 0, 0, 0, 0, 0, 0, 0, 0, 0, 0, 0, 0, 0, 0, 0, 0, 0, 0, 0, 0], [0, 0, 0, 0, 0, 0, 0, 0, 0, 0, 0, 0, 0, 0, 0, 0, 0, 0, 0, 0, 0, 0, 0, 0, 0, 0, 0, 0, 0, 0, 0, 0, 0, 0, 0, 0, 0, 0, 0, 0, 0, 0, 0, 0, 0, 0, 0, 0, 0, 0]]
最大通過人数: 42256
最大通過地点: [np.int64(40), np.int64(35)]
フレーム数:30300
スキップf:300
総脱出数: 48939人
脱出数/f: 1.631
平均速度: 2.264
淵野辺民: 10218
淵野辺ワーカー: 38721
上位20: [42256, 41423, 40887, 40664, 40151, 40105, 39657, 38980, 38484, 38074, 37724, 37671, 36812, 36480, 35392, 34803, 34640, 34443, 34183, 34077]
第一四分位数: 372.25
第二四分位数: 8557.0
第三四分位数: 17492.25
標準偏差: 10013.344
-------------------------------
